Microns,K-Ultra(Rotations),K-Max(Rotations),KINGrinder K6(Rotations),Turin DF54(Scale),Comandante C40(Clicks),Timemore C3(Clicks)
200,0.20,0.25,0.33,10,7,7
210,0.21,0.26,0.35,11,7,7
220,0.22,0.27,0.37,12,7,7
230,0.23,0.29,0.38,13,8,8
240,0.24,0.30,0.40,14,8,8
250,0.25,0.31,0.42,15,8,8
260,0.26,0.32,0.43,15.5,9,8
270,0.27,0.34,0.45,16,9,9
280,0.28,0.35,0.47,17,9,9
290,0.29,0.36,0.48,18,10,9
300,0.30,0.38,0.50,19,10,9
310,0.31,0.39,0.52,20,10,10
320,0.32,0.40,0.53,21,11,10
330,0.33,0.41,0.55,22,11,10
340,0.34,0.42,0.57,22.5,11,10
350,0.35,0.44,0.58,23,12,10
360,0.36,0.45,0.60,24,12,11
370,0.37,0.46,0.62,25,12,11
380,0.38,0.47,0.63,26,13,11
390,0.39,0.49,0.65,27,13,11
400,0.40,0.50,0.67,28,13,11
410,0.41,0.51,0.68,29,14,12
420,0.42,0.52,0.70,30,14,12
430,0.43,0.54,0.72,31,14,12
440,0.44,0.55,0.73,32,15,12
450,0.45,0.56,0.75,33,15,12
460,0.46,0.57,0.77,34,15,13
470,0.47,0.59,0.78,35,16,13
480,0.48,0.60,0.80,36,16,13
490,0.49,0.61,0.82,37,16,13
500,0.50,0.63,0.83,38,17,13
520,0.52,0.65,0.87,40,17,14
540,0.54,0.67,0.90,42,18,14
560,0.56,0.70,0.93,44,19,14
580,0.58,0.72,0.97,46,19,15
600,0.60,0.75,1.00,48,20,15
620,0.62,0.77,1.03,50,21,15
640,0.64,0.80,1.07,52,21,16
660,0.66,0.82,1.10,54,22,16
680,0.68,0.85,1.13,56,23,16
700,0.70,0.87,1.17,58,23,17
750,0.75,0.94,1.25,62,25,18
800,0.80,1.00,1.33,67,27,19